230884863
228581738
230925215
230771018
230156940
230993806
230827724
230812920
230971447
230299727
230917871
229862688
230941995
230965225
230907102
230786320
230699035
230241560
230756008
229866145
231035286
230774026
230972179
230248141
221851899
231041132
230911139
225393535
230920437
230816099
183774284
229873882
208753082
229676118
228831494
230911380
230903570
229718547
230895610
215343048
229553303
175732968
230761755
230971779
228855375
180830263
228852635
230837838
230812406
230367345
227320767
229750664
229003367
230726077
223971349
216501393
230517599
230756689
175787168
231034688
230903607
229914619
231040513
230848698
231003385
230956043
230613039
230926806
229878794
230860741
230900612
231028360
231044656
231038081
230807017
215506346
230827421
229745729
228766026
228177117
230461577
231012314
231041886
230682162
230860344
228782012
230815040
230224738
230898475
223813916
218936627
230887893
230275558
222288534
223604472
229509980
192122068
230829514
230762833
230911927
231043615
226761567
231003687
230750841
231018790
224763333
231038203
224556558
231043262
230993415
230440743
231041956
151806037
230989122
230786120
229914572
199629374
230852979
229454999
231008215
230396946
230775971
230872571
230762404
230959687
230428661
230725984
230727159
176355436
231040024
230784929
230677024
213007042
230787985
230906876
230986972
230914440
229714163
229299799
231040339
230025260
224164696
219552280
230933995
230996957
230911901
230828580
230809489
230976497
228722010
228083468
229833125
231000688
230999609
230717939
230891210
230865524
229941410
226896237
225213990
198968434
228576548
230804835
231011033
231050830
230850962
231027444
230601582
230749443
230893055
230926923
230962002
230814039
230872470
230878193
230506383
229606203
229065025
230779809
230951575
230682442
230742773
228278090
230919528
230738898
230303794
230914319
229745295
230808540
182096201
230869335
230794747
227637054
230952381
194491742
230884131
230849631
230671331
228616727
225428189
229808301
226169178
231049377
230850039
230952208
230504427
230997641
230940725
229301141
230856439
230334530
230900623
230916981
230925743
231050845
230833018
230495899
230939817
227472522
230324876
223516307
230467661
230449617
223949919
229043034
230889554
230560951
230999646
193510309
230932173
217853509
230914271
221699997
230965157
230869237
230569434
231033370
230398373
230396447
228967529
225945855
230690934
230892788
230934955
230818673
231004654
230794681
230673801
230960807
230801845
230887747
230415959
230297110
231011065
229355996
228861538
229938220
230340262
231012069
230951579
230883656
191829890
231017132
230766114
161032589
231031143
226496696
231002143
231046294
230765768
225976370
230826652
230957857
216144693
229615933
229284121
224432000
230880223
230905346
230760542
230940331
230905156
230798847
230985289
230339225
229750625
231006226
228261949
230829974
203188536
230927019
228386170
230955836
228680309
230895980
230861167
230151693
230971557
230981403
230813435
230773045
229711898
230268339
217925063
204491519
231035322
230965777
231032301
201751079
214231499
230804694
229477401
217521973
228679143
223609373
230931695
230944619
230760055
228445074
230975391
230944561
230994335
231029432
189119780
230888226
220787247
231018813
230989126
223546226
230972835
163101169
230952127
230444245
230775377
230615148
221788291
230950879
230772572
230485160
222433977
230806297
230782844
230805751
226613285
230960160
230978801
229305277
203688664
228939346
230807725
230753351
231043658
231045834
230857806
212897719
231014494
228137121
227765737
229940890
230749958
231035605
230791530
230988895
231020973
226643489
230809246
222392172
229289971
231033949
228677767
230809737
220278860
214720998
230939585
230901833
186305317
229858778
230878217
230760550
230338320
230795729
222634910
230838775
228215217
230536856
230277359
216198727
228302923
225797218
230658634
230679802
230749618
229362613
228248563
230965595
231006110
230851421
230898567
230752811
231046391
150483388
188922153
230802765
231034953
209299940
170211956
230986583
222245734
228519428
217244436
223728286
230225262
198081994
231039896
230977681
230921690
231008256
230908244
231034240
230918299
231047972
230932420
230856103
223347480
230960113
231025211
215469719
230985934
230908197
219928411
230819395
230804709
229947809
230860779
230789032
158709996
230736428
230253237
229420095
218590430
230803202
230432761
230789811
230815824
230746492
211695632
230726278
183141449
230872895
188753358
230759156
213948412
230944901
223391543
228519387
225806615
230093198
230957582
230812303
230787373
230274706
215156923
156205823
200387685
230821327
231031300
230996026
230937293
230346426
230891500
219831162
230974280
230882210
230809383
230900605
231027414
162321516
231022121
229082242
230881163
230320697
230755326
230757777
226293268
222663217
228491061
229933519
227425654
230820241
230956107
215555192
231038722
230800305
229542117
230724480
223017561
167332737
230846680
227680115
227003184
223184811
230735918
196865764
231049486
231035994
229327550
228883388
224417973
205851606
221441447
230920487
231021504
230866469
231023816
230934799
230858794
228855233
195628276
230974226
230982694
230825461
230782133
230744107
219917550
229572028
231043035
231013466
231029144
215900844
230897670
230916043
229924571
229531341
228758441
225882718
212573038
230496325
230865388
230318136
199228930
216101084
230842842
230624681
226732622
230829402
230777264
230812664
230693378
226799551
230890854
188845090
230914603
231030576
230951592
230900772
230777407
230942671
230987673
230835762
231040529
230996643
231004280
230877955
230848616
224739230
195736734
230760850
228901454
183854131
231026905
230664197
230283537
230993049
230753960
230986814
226733495
229707364
222201042
230885034
230878029
230714562
228587283
231019133
230967734
230999530
230859008
224033695
231019179
230634299
229015946
222840767
227976084
230819313
230990430
230801212
224640980
230797083
225491786
229419364
230934081
230098427
228746063
231034931
231019573
227349079
217028421
167220373
230925561
230840718
230815090
230824780
230563036
230925113
230807662
227494805
217730193
227319988
230969540
230885231
230828963
230766965
227958139
230986832
228728230
227702970
230846074
229976429
230885656
230934357
230829133
231021428
219731397
230907621
174125358
211843616
230294241
230999625
230814413
230963030
230891973
230774729
230862791
231037560
230440047
230538722
220482169
230904031
192211937
230973287
230937967
230874587
230880210
230794435
230776713
227488783
230340135
215009740
230385215
215922923
230845340
230849084
230998049
230675553
224273166
230863606
228798070
228601037
230368192
186156240
230494572
230916144
230862835
201969296
230959575
230345906
225614429
230972074
230924022
230945111
231050287
231004580
230943853
230929090
230883739
230751386
230560390
228930919
225326874
230753134
230902051
231022598
231023090
207200490
230738116
231046613
230803131
226982762
230922854
230808750
228944891